S82327	8	92.16	102	6	1	533	634	16036481	16036382	2e-32	 145
S82327	8	83.19	113	19	0	402	514	67336815	67336927	3e-24	 118
S82327	8	82.61	115	20	0	402	516	84436011	84435897	3e-24	 118
S82327	8	82.61	115	20	0	402	516	139605186	139605072	3e-24	 118
S82327	8	85.85	106	13	2	427	532	86570964	86570861	1e-23	 116
S82327	8	82.61	115	18	2	418	532	143421587	143421475	4e-22	 111
S82327	8	80.87	115	22	0	400	514	111772078	111772192	1e-21	 109
S82327	8	82.14	112	19	1	400	510	113314711	113314600	1e-21	 109
S82327	8	81.58	114	18	2	402	514	64215222	64215111	2e-20	 105
S82327	8	80.17	116	23	0	383	498	84422357	84422242	2e-20	 105
S82327	8	80.33	122	22	2	402	523	105174686	105174567	2e-20	 105
S82327	8	82.35	102	18	0	418	519	180638560	180638661	6e-20	 104
S82327	8	82.69	104	16	2	429	532	19377875	19377976	7e-19	 100
S82327	8	80.19	106	15	1	418	523	99637590	99637689	3e-18	98.7
S82327	8	81.13	106	19	1	418	523	102531598	102531702	3e-18	98.7
S82327	8	81.37	102	19	0	415	516	133659934	133659833	3e-18	98.7
S82327	8	80.19	106	21	0	418	523	180990912	180990807	9e-18	96.9
S82327	8	80.39	102	20	0	418	519	26925651	26925752	3e-17	95.1
S82327	8	80.77	104	19	1	420	523	70711151	70711049	3e-17	95.1
S82327	8	80.19	106	20	1	418	523	1583068	1583172	1e-16	93.3
S82327	8	80.19	106	20	1	418	523	28696906	28696802	1e-16	93.3
S82327	8	80.19	106	20	1	418	523	60976521	60976625	1e-16	93.3
S82327	8	80.20	101	20	0	414	514	87985581	87985681	1e-16	93.3
S82327	8	80.19	106	20	1	418	523	90004284	90004180	1e-16	93.3
S82327	8	80.19	106	20	1	418	523	101566734	101566630	1e-16	93.3
S82327	3	80.95	126	24	0	389	514	115767401	115767276	8e-25	 120
S82327	3	83.19	113	19	0	402	514	157985	158097	3e-24	 118
S82327	3	85.98	107	13	2	427	533	107980398	107980502	3e-24	 118
S82327	3	83.04	112	19	0	403	514	117879600	117879711	1e-23	 116
S82327	3	83.48	115	17	2	418	532	107474610	107474722	3e-23	 114
S82327	3	85.05	107	14	2	427	533	107992394	107992498	3e-23	 114
S82327	3	82.30	113	20	0	402	514	177818125	177818237	3e-23	 114
S82327	3	80.15	131	24	2	402	532	50774054	50773926	1e-22	 113
S82327	3	81.42	113	21	0	402	514	57601805	57601917	1e-21	 109
S82327	3	80.51	118	23	0	402	519	85119854	85119737	1e-21	 109
S82327	3	82.76	116	17	3	418	533	107937345	107937457	1e-21	 109
S82327	3	80.70	114	22	0	401	514	115609312	115609425	5e-21	 107
S82327	3	83.96	106	15	2	427	532	140975699	140975802	5e-21	 107
S82327	3	80.70	114	22	0	401	514	235341138	235341251	5e-21	 107
S82327	3	80.53	113	22	0	402	514	122521234	122521122	2e-20	 105
S82327	3	80.53	113	22	0	402	514	125541726	125541838	2e-20	 105
S82327	3	81.03	116	20	2	418	533	67210318	67210431	6e-20	 104
S82327	3	81.25	112	20	1	400	510	93372562	93372451	6e-20	 104
S82327	3	80.17	116	22	1	400	514	80653799	80653914	2e-19	 102
S82327	3	80.17	116	22	1	400	514	80684816	80684931	2e-19	 102
S82327	3	82.08	106	18	1	418	523	116725669	116725565	2e-19	 102
S82327	3	80.36	112	21	1	402	513	38322165	38322055	7e-19	 100
S82327	3	81.58	114	18	3	419	532	66362556	66362446	7e-19	 100
S82327	3	80.70	114	20	2	418	531	67191137	67191248	7e-19	 100
S82327	3	80.70	114	20	2	402	514	127051122	127051234	7e-19	 100
S82327	3	83.02	106	15	3	428	533	141596817	141596919	7e-19	 100
S82327	3	81.13	106	19	1	418	523	42736316	42736212	3e-18	98.7
S82327	3	81.13	106	19	1	418	523	60749456	60749352	3e-18	98.7
S82327	3	82.08	106	17	2	427	532	68146769	68146666	3e-18	98.7
S82327	3	81.90	105	17	2	428	532	53555237	53555339	9e-18	96.9
S82327	3	81.90	105	17	2	428	532	90043179	90043077	9e-18	96.9
S82327	3	81.13	106	18	2	418	523	164796501	164796604	3e-17	95.1
S82327	3	80.19	106	20	1	418	523	53843310	53843414	1e-16	93.3
S82327	3	80.95	105	18	2	428	532	66940189	66940087	1e-16	93.3
S82327	3	81.90	105	16	3	428	532	89997058	89997159	1e-16	93.3
S82327	3	80.56	108	19	2	427	534	109647788	109647683	1e-16	93.3
S82327	3	80.19	106	20	1	418	523	195785985	195786089	1e-16	93.3
S82327	3	80.77	104	18	2	429	532	100903539	100903438	4e-16	91.5
S82327	3	80.19	106	19	2	427	532	108500421	108500524	1e-15	89.7
S82327	9	80.45	133	26	0	384	516	88465990	88466122	6e-26	 123
S82327	9	85.09	114	15	2	402	514	21437615	21437503	2e-25	 122
S82327	9	81.60	125	22	1	400	523	88697585	88697461	3e-24	 118
S82327	9	82.61	115	20	0	400	514	145663973	145663859	3e-24	 118
S82327	9	82.46	114	20	0	401	514	79850215	79850328	1e-23	 116
S82327	9	85.71	105	13	2	428	532	63699860	63699962	3e-23	 114
S82327	9	83.19	113	18	1	402	513	82685233	82685121	3e-23	 114
S82327	9	81.74	115	21	0	402	516	26001408	26001294	1e-22	 113
S82327	9	83.96	106	16	1	418	523	106233890	106233786	4e-22	 111
S82327	9	81.20	117	21	1	403	519	14522223	14522108	1e-21	 109
S82327	9	83.96	106	15	2	428	533	32507270	32507373	5e-21	 107
S82327	9	81.74	115	19	2	418	532	11898540	11898652	2e-20	 105
S82327	9	80.87	115	21	1	402	516	35947501	35947388	2e-20	 105
S82327	9	81.08	111	21	0	402	512	89725282	89725172	2e-20	 105
S82327	9	82.08	106	18	1	418	523	28161522	28161626	2e-19	 102
S82327	9	82.08	106	18	1	418	523	28171778	28171882	2e-19	 102
S82327	9	82.08	106	18	1	418	523	85229784	85229888	2e-19	 102
S82327	9	81.13	106	19	1	418	523	28166646	28166750	3e-18	98.7
S82327	9	80.53	113	20	2	402	513	89148064	89148175	3e-18	98.7
S82327	9	81.13	106	19	1	418	523	92584332	92584228	3e-18	98.7
S82327	9	81.13	106	19	1	418	523	126833450	126833346	3e-18	98.7
S82327	9	81.90	105	17	2	428	532	45760068	45759966	9e-18	96.9
S82327	9	81.13	106	18	2	427	532	94806994	94806891	3e-17	95.1
S82327	9	80.19	106	20	1	418	523	44016615	44016511	1e-16	93.3
S82327	9	80.95	105	18	2	428	532	102015557	102015455	1e-16	93.3
S82327	9	80.77	104	18	2	429	532	10115457	10115558	4e-16	91.5
S82327	6	82.27	141	25	0	383	523	25131255	25131115	2e-31	 141
S82327	6	84.35	115	18	0	402	516	47821999	47822113	5e-27	 127
S82327	6	84.82	112	17	0	402	513	73719470	73719359	2e-26	 125
S82327	6	81.40	129	24	0	388	516	142587529	142587401	2e-26	 125
S82327	6	82.26	124	20	1	402	523	129917030	129917153	2e-25	 122
S82327	6	86.14	101	14	0	418	518	23264164	23264064	8e-25	 120
S82327	6	81.45	124	23	0	391	514	83012608	83012731	8e-25	 120
S82327	6	83.19	113	19	0	402	514	24093206	24093318	3e-24	 118
S82327	6	81.15	122	23	0	402	523	41893140	41893019	1e-23	 116
S82327	6	83.33	114	18	1	401	514	44110460	44110572	1e-23	 116
S82327	6	81.97	122	20	2	402	523	1062099	1061980	3e-23	 114
S82327	6	85.15	101	15	0	418	518	23256017	23255917	3e-23	 114
S82327	6	82.30	113	20	0	402	514	72449590	72449702	3e-23	 114
S82327	6	81.15	122	22	1	402	523	24158300	24158420	1e-22	 113
S82327	6	80.87	115	22	0	400	514	23140857	23140743	1e-21	 109
S82327	6	81.42	113	21	0	402	514	59409786	59409898	1e-21	 109
S82327	6	80.33	122	23	1	402	523	135763024	135762904	1e-21	 109
S82327	6	83.96	106	15	2	418	523	8195915	8195812	5e-21	 107
S82327	6	80.70	114	22	0	401	514	26438089	26437976	5e-21	 107
S82327	6	83.02	106	17	1	418	523	27772799	27772903	5e-21	 107
S82327	6	81.30	123	20	3	402	523	39472752	39472632	5e-21	 107
S82327	6	81.74	115	19	2	418	532	64414519	64414407	2e-20	 105
S82327	6	80.53	113	22	0	402	514	83003081	83002969	2e-20	 105
S82327	6	80.53	113	22	0	402	514	83022382	83022270	2e-20	 105
S82327	6	81.74	115	19	2	418	532	83138604	83138492	2e-20	 105
S82327	6	81.48	108	20	0	407	514	99232411	99232304	2e-20	 105
S82327	6	80.53	113	22	0	402	514	114420638	114420750	2e-20	 105
S82327	6	80.53	113	22	0	402	514	114425479	114425591	2e-20	 105
S82327	6	83.02	106	16	2	427	532	47769146	47769043	6e-20	 104
S82327	6	80.87	115	18	2	402	514	69694315	69694427	6e-20	 104
S82327	6	80.17	116	22	1	400	514	24231994	24231879	2e-19	 102
S82327	6	80.73	109	21	0	404	512	59692331	59692439	2e-19	 102
S82327	6	81.13	106	19	1	418	523	49715746	49715642	3e-18	98.7
S82327	6	81.13	106	19	1	418	523	51951548	51951652	3e-18	98.7
S82327	6	81.13	106	19	1	418	523	57893457	57893353	3e-18	98.7
S82327	6	81.13	106	19	1	418	523	64381086	64380982	3e-18	98.7
S82327	6	81.31	107	17	2	428	534	47941232	47941335	9e-18	96.9
S82327	6	81.90	105	17	2	428	532	66681771	66681873	9e-18	96.9
S82327	6	80.95	105	18	2	428	532	7922944	7923046	1e-16	93.3
S82327	6	80.19	106	20	1	418	523	27084689	27084793	1e-16	93.3
S82327	6	80.19	106	20	1	418	523	27795796	27795900	1e-16	93.3
S82327	6	80.19	106	20	1	418	523	61314981	61315085	1e-16	93.3
S82327	6	80.19	106	20	1	418	523	91987281	91987385	1e-16	93.3
S82327	6	80.19	106	20	1	418	523	123262334	123262438	1e-16	93.3
S82327	6	80.19	106	19	2	427	532	56218941	56218838	1e-15	89.7
S82327	4	81.82	132	24	0	385	516	209298692	209298823	4e-28	 131
S82327	4	82.44	131	21	2	402	532	179117631	179117759	2e-26	 125
S82327	4	80.15	136	27	0	385	520	232931951	232932086	6e-26	 123
S82327	4	80.45	133	25	1	400	532	42474542	42474673	8e-25	 120
S82327	4	82.61	115	20	0	402	516	3458235	3458121	3e-24	 118
S82327	4	80.16	126	25	0	389	514	56884869	56884744	3e-23	 114
S82327	4	80.30	132	24	2	402	533	78967111	78967240	3e-23	 114
S82327	4	84.47	103	16	0	414	516	192398267	192398369	3e-23	 114
S82327	4	85.15	101	15	0	414	514	201889320	201889420	3e-23	 114
S82327	4	81.15	122	22	1	402	523	113106929	113106809	1e-22	 113
S82327	4	81.74	115	21	0	402	516	116216082	116216196	1e-22	 113
S82327	4	83.96	106	16	1	418	523	9871660	9871556	4e-22	 111
S82327	4	83.96	106	16	1	418	523	9877089	9876985	4e-22	 111
S82327	4	81.03	116	22	0	401	516	27043695	27043810	4e-22	 111
S82327	4	84.47	103	15	1	420	522	113081268	113081167	4e-22	 111
S82327	4	81.03	116	22	0	400	515	134069381	134069266	4e-22	 111
S82327	4	81.58	114	21	0	402	515	210281781	210281894	4e-22	 111
S82327	4	81.42	113	21	0	402	514	198220487	198220599	1e-21	 109
S82327	4	81.42	113	21	0	402	514	213625137	213625025	1e-21	 109
S82327	4	83.33	102	17	0	418	519	105451958	105451857	5e-21	 107
S82327	4	83.02	106	17	1	418	523	210682057	210682161	5e-21	 107
S82327	4	80.70	114	22	0	401	514	214433583	214433696	5e-21	 107
S82327	4	80.53	113	22	0	402	514	35591650	35591762	2e-20	 105
S82327	4	80.33	122	22	2	402	523	46390068	46390187	2e-20	 105
S82327	4	80.33	122	22	2	402	523	52830626	52830745	2e-20	 105
S82327	4	80.53	113	22	0	402	514	63800320	63800208	2e-20	 105
S82327	4	83.81	105	15	2	428	532	78982951	78983053	2e-20	 105
S82327	4	82.52	103	18	0	412	514	182953238	182953340	2e-20	 105
S82327	4	80.87	115	21	1	402	516	211710961	211711074	2e-20	 105
S82327	4	80.53	113	22	0	402	514	215951636	215951748	2e-20	 105
S82327	4	81.31	107	20	0	408	514	9954822	9954928	6e-20	 104
S82327	4	81.03	116	20	2	402	516	85368227	85368341	6e-20	 104
S82327	4	82.08	106	18	1	418	523	46064814	46064710	2e-19	 102
S82327	4	82.08	106	18	1	418	523	107794435	107794331	2e-19	 102
S82327	4	80.87	115	20	2	418	532	114708286	114708174	2e-19	 102
S82327	4	82.86	105	16	2	428	532	120306002	120305900	2e-19	 102
S82327	4	80.53	113	21	1	402	514	200607657	200607768	2e-19	 102
S82327	4	81.13	106	19	1	418	523	25513821	25513925	3e-18	98.7
S82327	4	81.13	106	19	1	418	523	46069255	46069151	3e-18	98.7
S82327	4	82.08	106	17	2	418	523	89107686	89107789	3e-18	98.7
S82327	4	82.08	106	17	2	427	532	111233809	111233912	3e-18	98.7
S82327	4	81.13	106	19	1	418	523	131709430	131709534	3e-18	98.7
S82327	4	81.13	106	19	1	418	523	131749738	131749842	3e-18	98.7
S82327	4	81.13	106	19	1	418	523	212314649	212314753	3e-18	98.7
S82327	4	82.08	106	17	2	418	523	212326180	212326283	3e-18	98.7
S82327	4	81.37	102	19	0	412	513	223779569	223779670	3e-18	98.7
S82327	4	81.13	106	19	1	418	523	234469905	234470009	3e-18	98.7
S82327	4	80.95	105	19	1	428	532	57351641	57351538	9e-18	96.9
S82327	4	81.90	105	17	2	428	532	114398968	114399070	9e-18	96.9
S82327	4	80.36	112	20	2	403	513	151832061	151831951	9e-18	96.9
S82327	4	81.13	106	18	2	418	523	89112704	89112807	3e-17	95.1
S82327	4	81.13	106	18	2	418	523	241070553	241070656	3e-17	95.1
S82327	4	80.19	106	20	1	418	523	41595882	41595778	1e-16	93.3
S82327	4	80.19	106	20	1	418	523	41600763	41600659	1e-16	93.3
S82327	4	80.19	106	20	1	418	523	97835949	97835845	1e-16	93.3
S82327	4	80.19	106	20	1	418	523	129183494	129183598	1e-16	93.3
S82327	4	80.19	106	20	1	418	523	152766229	152766125	1e-16	93.3
S82327	4	80.19	106	20	1	418	523	152773414	152773310	1e-16	93.3
S82327	4	80.19	106	20	1	418	523	219565731	219565835	1e-16	93.3
S82327	4	80.19	106	20	1	418	523	221016346	221016242	1e-16	93.3
S82327	4	80.20	101	20	0	414	514	221022392	221022292	1e-16	93.3
S82327	4	80.77	104	18	2	429	532	140717404	140717303	4e-16	91.5
S82327	4	80.18	111	19	3	402	510	218047764	218047655	4e-16	91.5
S82327	4	80.19	106	19	2	427	532	145613121	145613018	1e-15	89.7
S82327	2	81.10	127	24	0	388	514	151357112	151357238	2e-25	 122
S82327	2	81.10	127	23	1	397	523	57543967	57543842	3e-24	 118
S82327	2	83.19	113	19	0	402	514	80586631	80586519	3e-24	 118
S82327	2	82.20	118	16	1	402	514	106237792	106237675	3e-24	 118
S82327	2	84.91	106	15	1	418	523	129185933	129186037	1e-23	 116
S82327	2	81.36	118	22	0	402	519	83416510	83416627	3e-23	 114
S82327	2	81.45	124	21	2	401	523	67938877	67938999	1e-22	 113
S82327	2	83.49	109	17	1	415	523	180194920	180195027	1e-22	 113
S82327	2	81.74	115	21	0	402	516	228392003	228392117	1e-22	 113
S82327	2	80.49	123	23	1	401	523	134328294	134328173	4e-22	 111
S82327	2	83.96	106	16	1	418	523	167840525	167840629	4e-22	 111
S82327	2	81.42	113	21	0	402	514	103108967	103108855	1e-21	 109
S82327	2	81.15	122	21	2	402	523	180211280	180211161	1e-21	 109
S82327	2	80.87	115	22	0	402	516	236318858	236318744	1e-21	 109
S82327	2	81.74	115	19	2	418	532	64279789	64279677	2e-20	 105
S82327	2	80.53	113	22	0	402	514	74542718	74542830	2e-20	 105
S82327	2	80.53	113	22	0	402	514	74563709	74563821	2e-20	 105
S82327	2	80.53	113	22	0	402	514	103114423	103114311	2e-20	 105
S82327	2	80.53	113	22	0	402	514	130330752	130330864	2e-20	 105
S82327	2	80.36	112	22	0	403	514	98135950	98136061	6e-20	 104
S82327	2	83.02	106	16	2	427	532	100101446	100101549	6e-20	 104
S82327	2	83.02	106	16	2	418	523	115901989	115902092	6e-20	 104
S82327	2	80.36	112	22	0	403	514	146858821	146858932	6e-20	 104
S82327	2	83.02	106	16	2	427	532	175108290	175108393	6e-20	 104
S82327	2	82.08	106	18	1	418	523	64269642	64269538	2e-19	 102
S82327	2	82.08	106	18	1	418	523	69942505	69942609	2e-19	 102
S82327	2	82.86	105	16	2	428	532	100169586	100169484	2e-19	 102
S82327	2	82.18	101	18	0	414	514	148426952	148427052	2e-19	 102
S82327	2	82.41	108	17	2	416	523	203000124	203000229	2e-19	 102
S82327	2	81.13	106	19	1	418	523	90694198	90694094	3e-18	98.7
S82327	2	81.13	106	19	1	418	523	102988342	102988446	3e-18	98.7
S82327	2	81.13	106	19	1	418	523	134283480	134283584	3e-18	98.7
S82327	2	80.19	106	20	1	418	523	57584045	57583941	1e-16	93.3
S82327	2	80.19	106	20	1	418	523	128607508	128607404	1e-16	93.3
S82327	2	80.95	105	18	2	428	532	136288546	136288444	1e-16	93.3
S82327	2	80.77	104	18	2	429	532	158422251	158422352	4e-16	91.5
S82327	2	80.37	107	17	4	427	532	61246802	61246699	6e-14	84.2
S82327	10	91.09	101	7	1	533	633	104278889	104278791	8e-31	 140
S82327	10	82.46	114	20	0	401	514	52261037	52260924	1e-23	 116
S82327	10	81.15	122	22	1	402	523	34707793	34707673	1e-22	 113
S82327	10	82.05	117	20	1	400	516	98780229	98780344	1e-22	 113
S82327	10	81.74	115	21	0	402	516	115144218	115144104	1e-22	 113
S82327	10	80.49	123	23	1	401	523	65125993	65126114	4e-22	 111
S82327	10	81.42	113	21	0	402	514	28757969	28758081	1e-21	 109
S82327	10	80.80	125	19	3	402	524	35704303	35704182	1e-21	 109
S82327	10	80.70	114	22	0	402	515	97119751	97119864	5e-21	 107
S82327	10	81.58	114	20	1	402	515	117664274	117664386	5e-21	 107
S82327	10	81.74	115	19	2	418	532	44981741	44981629	2e-20	 105
S82327	10	82.08	106	19	0	418	523	51712941	51712836	2e-20	 105
S82327	10	81.74	115	19	2	418	532	129696487	129696375	2e-20	 105
S82327	10	82.35	102	18	0	418	519	56378622	56378723	6e-20	 104
S82327	10	83.02	106	16	2	428	533	131759560	131759457	6e-20	 104
S82327	10	82.08	106	18	1	418	523	34319741	34319637	2e-19	 102
S82327	10	82.08	106	18	1	418	523	55079559	55079455	2e-19	 102
S82327	10	82.08	106	18	1	418	523	60705644	60705540	2e-19	 102
S82327	10	82.08	106	18	1	418	523	60710760	60710656	2e-19	 102
S82327	10	80.53	113	20	2	402	513	56437773	56437884	3e-18	98.7
S82327	10	80.95	105	19	1	419	523	12854077	12853974	9e-18	96.9
S82327	10	81.19	101	19	0	417	517	38007167	38007267	9e-18	96.9
S82327	10	81.90	105	17	2	428	532	54333700	54333802	9e-18	96.9
S82327	10	81.90	105	17	2	428	532	82425341	82425239	9e-18	96.9
S82327	10	81.19	101	19	0	414	514	86106645	86106545	9e-18	96.9
S82327	10	81.13	106	15	2	418	523	93091454	93091554	9e-18	96.9
S82327	10	81.90	105	17	2	428	532	110535448	110535346	9e-18	96.9
S82327	10	80.39	102	20	0	418	519	22995080	22994979	3e-17	95.1
S82327	10	80.77	104	19	1	420	523	50335820	50335922	3e-17	95.1
S82327	10	80.19	106	20	1	418	523	8238083	8237979	1e-16	93.3
S82327	10	80.19	106	20	1	418	523	43182646	43182750	1e-16	93.3
S82327	10	80.20	101	20	0	414	514	78642079	78642179	1e-16	93.3
S82327	10	80.37	107	19	2	418	523	35012773	35012668	4e-16	91.5
S82327	10	80.19	106	19	2	427	532	75625509	75625612	1e-15	89.7
S82327	7	84.35	115	18	0	402	516	48440628	48440742	5e-27	 127
S82327	7	80.45	133	25	1	391	523	43096543	43096674	8e-25	 120
S82327	7	80.29	137	25	2	388	523	29576113	29575978	3e-24	 118
S82327	7	85.85	106	13	2	427	532	77617072	77617175	1e-23	 116
S82327	7	82.30	113	20	0	402	514	109806581	109806693	3e-23	 114
S82327	7	82.30	113	20	0	402	514	116544639	116544527	3e-23	 114
S82327	7	80.15	131	24	2	402	532	58228157	58228285	1e-22	 113
S82327	7	80.31	127	24	1	397	523	78913249	78913374	1e-22	 113
S82327	7	84.91	106	14	2	428	533	79977277	79977380	1e-22	 113
S82327	7	83.96	106	16	1	418	523	42260955	42261059	4e-22	 111
S82327	7	82.61	115	18	2	418	532	73810339	73810227	4e-22	 111
S82327	7	80.33	122	23	1	402	523	84074567	84074447	1e-21	 109
S82327	7	81.42	113	21	0	402	514	130571595	130571483	1e-21	 109
S82327	7	83.02	106	17	1	418	523	70417163	70417059	5e-21	 107
S82327	7	80.53	113	22	0	402	514	95987018	95986906	2e-20	 105
S82327	7	81.74	115	19	2	418	532	98808027	98807915	2e-20	 105
S82327	7	80.53	113	22	0	402	514	133887212	133887324	2e-20	 105
S82327	7	83.50	103	16	1	412	514	177686045	177685944	2e-20	 105
S82327	7	80.36	112	22	0	400	511	35653797	35653908	6e-20	 104
S82327	7	80.18	111	22	0	404	514	14696881	14696991	2e-19	 102
S82327	7	82.18	101	18	0	414	514	73638814	73638914	2e-19	 102
S82327	7	80.73	109	21	0	415	523	119469170	119469278	2e-19	 102
S82327	7	81.13	106	19	1	418	523	46857496	46857600	3e-18	98.7
S82327	7	80.87	115	19	3	418	532	55611422	55611311	3e-18	98.7
S82327	7	80.17	116	21	2	418	532	63674946	63674832	3e-18	98.7
S82327	7	81.13	106	19	1	418	523	101701630	101701526	3e-18	98.7
S82327	7	82.86	105	15	3	428	532	117064593	117064492	3e-18	98.7
S82327	7	81.13	106	19	1	418	523	129252805	129252701	3e-18	98.7
S82327	7	81.13	106	19	1	418	523	139773108	139773004	3e-18	98.7
S82327	7	80.53	113	19	2	402	514	145392772	145392663	3e-18	98.7
S82327	7	81.19	101	19	0	419	519	38655374	38655474	9e-18	96.9
S82327	7	80.77	104	19	1	420	523	32881779	32881881	3e-17	95.1
S82327	7	80.39	102	20	0	414	515	138855903	138856004	3e-17	95.1
S82327	7	80.19	106	20	1	418	523	46800875	46800979	1e-16	93.3
S82327	7	80.95	105	18	2	428	532	182113167	182113065	1e-16	93.3
S82327	7	81.19	101	15	2	418	516	53236811	53236713	4e-16	91.5
S82327	7	80.77	104	18	2	421	523	66999267	66999369	4e-16	91.5
S82327	7	80.19	106	19	2	427	532	51228037	51228140	1e-15	89.7
S82327	7	80.19	106	18	3	427	532	36941368	36941470	2e-14	86.0
S82327	1	85.71	105	15	0	412	516	120695080	120694976	2e-25	 122
S82327	1	80.92	131	24	1	402	532	169965863	169965992	8e-25	 120
S82327	1	82.61	115	20	0	402	516	231648819	231648705	3e-24	 118
S82327	1	81.45	124	22	1	400	523	89871796	89871674	1e-23	 116
S82327	1	80.92	131	23	2	402	532	110483457	110483329	1e-23	 116
S82327	1	81.15	122	22	1	402	523	126341287	126341167	1e-22	 113
S82327	1	82.11	123	19	3	402	523	151321622	151321502	1e-22	 113
S82327	1	81.74	115	21	0	402	516	171510035	171509921	1e-22	 113
S82327	1	83.96	106	16	1	418	523	222695748	222695852	4e-22	 111
S82327	1	81.42	113	21	0	402	514	49543771	49543883	1e-21	 109
S82327	1	81.42	113	21	0	402	514	130575851	130575739	1e-21	 109
S82327	1	82.41	108	19	0	402	509	131275418	131275311	1e-21	 109
S82327	1	81.82	110	20	0	407	516	160811290	160811399	1e-21	 109
S82327	1	81.03	116	19	1	402	514	216989488	216989373	1e-21	 109
S82327	1	81.42	113	21	0	402	514	217825696	217825808	1e-21	 109
S82327	1	82.86	105	17	1	419	523	87325159	87325056	2e-20	 105
S82327	1	82.86	105	17	1	419	523	87358416	87358313	2e-20	 105
S82327	1	80.53	113	22	0	402	514	95382595	95382707	2e-20	 105
S82327	1	80.53	113	22	0	402	514	104938847	104938735	2e-20	 105
S82327	1	83.81	105	15	2	428	532	105510724	105510622	2e-20	 105
S82327	1	80.53	113	22	0	402	514	139070491	139070603	2e-20	 105
S82327	1	80.53	113	22	0	402	514	160777886	160777998	2e-20	 105
S82327	1	80.53	113	22	0	402	514	161485909	161486021	2e-20	 105
S82327	1	80.53	113	22	0	402	514	172384621	172384509	2e-20	 105
S82327	1	80.17	116	23	0	401	516	180746237	180746122	2e-20	 105
S82327	1	80.53	113	22	0	402	514	306757742	306757854	2e-20	 105
S82327	1	81.58	114	19	2	419	532	58837240	58837129	6e-20	 104
S82327	1	80.49	123	21	3	402	523	151284789	151284669	6e-20	 104
S82327	1	81.74	115	18	3	418	532	28093896	28093785	2e-19	 102
S82327	1	81.13	106	20	0	418	523	71579940	71580045	2e-19	 102
S82327	1	80.53	113	21	1	402	514	124219035	124218924	2e-19	 102
S82327	1	82.08	106	18	1	418	523	137144338	137144442	2e-19	 102
S82327	1	80.53	113	21	1	402	514	146274956	146275067	2e-19	 102
S82327	1	80.70	114	20	2	418	531	45649072	45648961	7e-19	 100
S82327	1	81.37	102	19	0	418	519	154925596	154925495	3e-18	98.7
S82327	1	81.90	105	17	2	428	532	4693176	4693278	9e-18	96.9
S82327	1	80.95	105	19	1	418	522	149567511	149567408	9e-18	96.9
S82327	1	81.13	106	18	2	427	532	90545779	90545882	3e-17	95.1
S82327	1	81.13	106	18	2	427	532	249265020	249265123	3e-17	95.1
S82327	1	80.95	105	18	2	428	532	44314384	44314486	1e-16	93.3
S82327	1	80.20	101	20	0	414	514	119829816	119829716	1e-16	93.3
S82327	1	80.95	105	18	2	428	532	149452092	149452194	1e-16	93.3
S82327	1	80.19	106	20	1	418	523	161331109	161331213	1e-16	93.3
S82327	1	80.19	106	20	1	418	523	164351226	164351122	1e-16	93.3
S82327	1	80.19	106	20	1	418	523	179579317	179579213	1e-16	93.3
S82327	1	80.19	106	20	1	418	523	180908056	180908160	1e-16	93.3
S82327	1	80.19	106	20	1	418	523	196310897	196310793	1e-16	93.3
S82327	1	80.77	104	18	2	429	532	146838475	146838374	4e-16	91.5
S82327	1	80.19	106	19	2	428	533	270694764	270694867	1e-15	89.7
S82327	1	80.20	101	11	3	533	627	270723916	270723819	5e-15	87.8
S82327	1	80.56	108	16	4	427	532	287522382	287522278	5e-15	87.8
S82327	5	86.79	106	13	1	418	523	48578283	48578179	2e-26	 125
S82327	5	82.61	115	20	0	402	516	48650557	48650671	3e-24	 118
S82327	5	82.61	115	20	0	402	516	48662966	48663080	3e-24	 118
S82327	5	80.30	132	25	1	383	514	104314941	104314811	3e-24	 118
S82327	5	80.65	124	23	1	402	525	42390995	42391117	1e-22	 113
S82327	5	81.15	122	22	1	402	523	107401339	107401459	1e-22	 113
S82327	5	83.96	106	16	1	418	523	137424571	137424467	4e-22	 111
S82327	5	81.98	111	20	0	404	514	165998180	165998070	4e-22	 111
S82327	5	81.42	113	21	0	402	514	42112363	42112475	1e-21	 109
S82327	5	80.87	115	22	0	402	516	141855612	141855498	1e-21	 109
S82327	5	83.33	102	17	0	418	519	43097205	43097104	5e-21	 107
S82327	5	83.02	106	17	1	418	523	65220885	65220781	5e-21	 107
S82327	5	83.02	106	17	1	418	523	137405007	137404903	5e-21	 107
S82327	5	83.02	106	17	1	418	523	137482072	137481968	5e-21	 107
S82327	5	83.02	106	17	1	418	523	142548188	142548084	5e-21	 107
S82327	5	80.17	116	23	0	399	514	20471678	20471793	2e-20	 105
S82327	5	80.53	113	22	0	402	514	65710169	65710281	2e-20	 105
S82327	5	80.53	113	22	0	402	514	130590875	130590987	2e-20	 105
S82327	5	81.74	115	19	2	418	532	197356377	197356489	2e-20	 105
S82327	5	83.02	106	16	2	418	523	48136992	48137095	6e-20	 104
S82327	5	80.49	123	21	3	402	523	98251178	98251058	6e-20	 104
S82327	5	83.02	106	16	2	427	532	105431098	105431201	6e-20	 104
S82327	5	82.08	106	18	1	418	523	46728139	46728243	2e-19	 102
S82327	5	82.08	106	18	1	418	523	46744884	46744988	2e-19	 102
S82327	5	81.13	106	20	0	414	519	98232489	98232384	2e-19	 102
S82327	5	80.87	115	20	2	418	532	106960250	106960362	2e-19	 102
S82327	5	82.08	106	18	1	418	523	120753170	120753274	2e-19	 102
S82327	5	81.13	106	19	1	418	523	96246020	96246124	3e-18	98.7
S82327	5	81.13	106	19	1	418	523	99225365	99225261	3e-18	98.7
S82327	5	80.18	111	21	1	401	510	139576310	139576420	3e-18	98.7
S82327	5	81.13	106	19	1	418	523	189777537	189777433	3e-18	98.7
S82327	5	81.19	101	19	0	414	514	52965762	52965862	9e-18	96.9
S82327	5	80.19	106	21	0	418	523	71890618	71890723	9e-18	96.9
S82327	5	80.77	104	19	1	420	523	38954065	38954167	3e-17	95.1
S82327	5	81.13	106	18	2	418	523	133882246	133882143	3e-17	95.1
S82327	5	80.77	104	19	1	420	523	175607939	175607837	3e-17	95.1
S82327	5	80.77	104	19	1	420	523	175671075	175670973	3e-17	95.1
S82327	5	80.77	104	19	1	420	523	175688190	175688088	3e-17	95.1
S82327	5	80.95	105	18	2	428	532	18609225	18609123	1e-16	93.3
S82327	5	80.19	106	20	1	418	523	85379563	85379667	1e-16	93.3
S82327	5	80.19	106	20	1	418	523	103743856	103743752	1e-16	93.3
S82327	5	80.19	106	20	1	418	523	103759007	103758903	1e-16	93.3
S82327	5	80.19	106	20	1	418	523	112322476	112322580	1e-16	93.3
S82327	5	80.19	106	20	1	418	523	112705507	112705611	1e-16	93.3
S82327	5	80.19	106	20	1	418	523	115489538	115489434	1e-16	93.3
S82327	5	80.19	106	20	1	418	523	123776294	123776190	1e-16	93.3
S82327	5	80.19	106	20	1	418	523	133992207	133992103	1e-16	93.3
S82327	5	80.19	106	20	1	418	523	137538647	137538751	1e-16	93.3
S82327	5	80.20	101	20	0	414	514	170431911	170432011	1e-16	93.3
S82327	5	80.19	106	20	1	418	523	189602977	189603081	1e-16	93.3
S82327	5	80.37	107	18	3	418	523	52190859	52190963	5e-15	87.8
S82327	B73V4_ctg150	81.42	113	21	0	402	514	741044	740932	1e-21	 109
S82327	B73V4_ctg123	80.53	113	22	0	402	514	62687	62575	2e-20	 105
